\symbf{V}\left[\vec{\mu}_{\ce{Al}}\right]\cdot{\num{e5}} &\approx
\begin{pmatrix*}[r]
15.21 & -2.22 & -0.37 & -2.26 & -2.23 & 2.06 & -0.43 & 2.09 & -7.32\\
-2.22 & 8.06 & -2.17 & -2.16 & -0.42 & -2.15 & 2.01 & -0.52 & 2.02\\
-0.37 & -2.17 & 15.05 & 2.05 & -2.32 & -2.29 & -7.42 & 2.17 & -0.52\\
-2.26 & -2.16 & 2.05 & 8.17 & -0.41 & -0.51 & -2.24 & -2.05 & 2.03\\
-2.23 & -0.42 & -2.32 & -0.41 & 9.04 & -0.40 & -2.26 & -0.46 & -2.04\\
2.06 & -2.15 & -2.29 & -0.51 & -0.40 & 8.12 & 2.11 & -2.11 & -2.28\\
-0.43 & 2.01 & -7.42 & -2.24 & -2.26 & 2.11 & 15.01 & -2.34 & -0.51\\
2.09 & -0.52 & 2.17 & -2.05 & -0.46 & -2.11 & -2.34 & 8.22 & -2.30\\
-7.32 & 2.02 & -0.52 & 2.03 & -2.04 & -2.28 & -0.51 & -2.30 & 14.97\\
\end{pmatrix*}.\\
