\symbf{V}\left[\vec{\mu}\ua{unb}\right] &\approx
\begin{pmatrix*}[r]
6.61 & -1.03 & -0.17 & -1.07 & -1.03 & 0.94 & -0.19 & 0.99 & -3.20\\
-1.03 & 3.72 & -1.01 & -0.90 & -0.18 & -0.94 & 0.89 & -0.27 & 0.92\\
-0.17 & -1.01 & 6.58 & 0.88 & -0.98 & -1.06 & -3.14 & 0.94 & -0.20\\
-1.07 & -0.90 & 0.88 & 3.65 & -0.17 & -0.27 & -0.98 & -1.01 & 0.98\\
-1.03 & -0.18 & -0.98 & -0.17 & 4.00 & -0.19 & -0.92 & -0.17 & -0.93\\
0.94 & -0.94 & -1.06 & -0.27 & -0.19 & 3.72 & 0.96 & -0.90 & -1.04\\
-0.19 & 0.89 & -3.14 & -0.98 & -0.92 & 0.96 & 6.46 & -1.04 & -0.29\\
0.99 & -0.27 & 0.94 & -1.01 & -0.17 & -0.90 & -1.04 & 3.65 & -1.09\\
-3.20 & 0.92 & -0.20 & 0.98 & -0.93 & -1.04 & -0.29 & -1.09 & 6.48\\
\end{pmatrix*}.
