\begin{table} 
\centering 
\caption{matrix_blei.} 
\label{tab: matrix_blei} 
\begin{tabular}{S S S S S S S S S } 
\toprule  
{$/ \si{1}$} & {$/ \si{2}$} & {$/ \si{3}$} & {$/ \si{4}$} & {$/ \si{5}$} & {$/ \si{6}$} & {$/ \si{7}$} & {$/ \si{8}$} & {$/ \si{9}$} \\ 
\midrule  
22.51 & -3.58 & -0.81 & -3.58 & -3.19 & 3.21 & -1.13 & 3.19 & -10.64\\ 
-3.58 & 12.46 & -3.47 & -3.10 & -0.77 & -3.30 & 3.22 & -0.94 & 3.34\\ 
-0.81 & -3.47 & 22.42 & 3.16 & -3.14 & -3.50 & -10.57 & 3.19 & -1.18\\ 
-3.58 & -3.10 & 3.16 & 12.63 & -0.55 & -0.91 & -3.63 & -3.16 & 3.12\\ 
-3.19 & -0.77 & -3.14 & -0.55 & 13.88 & -0.50 & -3.28 & -0.79 & -3.31\\ 
3.21 & -3.30 & -3.50 & -0.91 & -0.50 & 12.46 & 3.05 & -3.13 & -3.65\\ 
-1.13 & 3.22 & -10.57 & -3.63 & -3.28 & 3.05 & 22.68 & -3.45 & -0.61\\ 
3.19 & -0.94 & 3.19 & -3.16 & -0.79 & -3.13 & -3.45 & 12.57 & -3.44\\ 
-10.64 & 3.34 & -1.18 & 3.12 & -3.31 & -3.65 & -0.61 & -3.44 & 22.65\\ 
\bottomrule 
\end{tabular} 
\end{table}